MEME version 4

ALPHABET= ACGT

strands: + -

Background letter frequencies (from uniform background):
A 0.25000 C 0.25000 G 0.25000 T 0.25000 

MOTIF CEBPG_M00622

letter-probability matrix: alength= 4 w= 13 nsites= 100 E= 0
  0.142900	  0.571400	  0.000000	  0.285700	
  0.000000	  0.285700	  0.000000	  0.714300	
  0.000000	  0.428600	  0.285700	  0.285700	
  1.000000	  0.000000	  0.000000	  0.000000	
  0.000000	  0.285700	  0.000000	  0.714300	
  0.000000	  0.000000	  0.285700	  0.714300	
  0.285700	  0.000000	  0.000000	  0.714300	
  0.285700	  0.714300	  0.000000	  0.000000	
  0.857100	  0.000000	  0.000000	  0.142900	
  0.428557	  0.142886	  0.428557	  0.000000	
  1.000000	  0.000000	  0.000000	  0.000000	
  0.714229	  0.000000	  0.142886	  0.142886	
  0.428557	  0.142886	  0.000000	  0.428557	

MOTIF BLIMP1_M01066

letter-probability matrix: alength= 4 w= 16 nsites= 100 E= 0
  0.181818	  0.363636	  0.363636	  0.090909	
  0.454545	  0.090909	  0.363636	  0.090909	
  0.272700	  0.000000	  0.727300	  0.000000	
  0.384600	  0.076900	  0.538500	  0.000000	
  0.692369	  0.153815	  0.153815	  0.000000	
  0.923100	  0.000000	  0.000000	  0.076900	
  0.000000	  0.000000	  1.000000	  0.000000	
  0.000000	  0.000000	  0.384600	  0.615400	
  0.000000	  0.000000	  1.000000	  0.000000	
  1.000000	  0.000000	  0.000000	  0.000000	
  1.000000	  0.000000	  0.000000	  0.000000	
  0.846200	  0.000000	  0.000000	  0.153800	
  0.000000	  0.230777	  0.538446	  0.230777	
  0.000000	  0.000000	  0.363600	  0.636400	
  0.454545	  0.090909	  0.454545	  0.000000	
  0.454545	  0.181818	  0.272727	  0.090909	

MOTIF ZNF219_M01122

letter-probability matrix: alength= 4 w= 12 nsites= 100 E= 0
  0.024400	  0.878000	  0.048800	  0.048800	
  0.333300	  0.000000	  0.437500	  0.229200	
  0.000000	  1.000000	  0.000000	  0.000000	
  0.000000	  1.000000	  0.000000	  0.000000	
  0.000000	  1.000000	  0.000000	  0.000000	
  0.000000	  1.000000	  0.000000	  0.000000	
  0.000000	  1.000000	  0.000000	  0.000000	
  0.100000	  0.866700	  0.033300	  0.000000	
  0.203400	  0.355900	  0.101700	  0.339000	
  0.017502	  0.736874	  0.245625	  0.000000	
  0.210521	  0.736874	  0.017502	  0.035104	
  0.052605	  0.859686	  0.070207	  0.017502	

MOTIF RORA_M01138

letter-probability matrix: alength= 4 w= 11 nsites= 100 E= 0
  0.333333	  0.000000	  0.083308	  0.583358	
  0.583358	  0.083308	  0.083308	  0.250025	
  0.583300	  0.000000	  0.250000	  0.166700	
  0.250000	  0.250000	  0.250000	  0.250000	
  0.083300	  0.000000	  0.000000	  0.916700	
  0.500000	  0.000000	  0.500000	  0.000000	
  0.000000	  0.000000	  0.916700	  0.083300	
  0.000000	  0.000000	  1.000000	  0.000000	
  0.000000	  0.000000	  0.000000	  1.000000	
  0.000000	  0.916700	  0.000000	  0.083300	
  1.000000	  0.000000	  0.000000	  0.000000	

MOTIF CKROX_M01175

letter-probability matrix: alength= 4 w= 9 nsites= 100 E= 0
  0.000000	  0.400000	  0.400000	  0.200000	
  0.000000	  1.000000	  0.000000	  0.000000	
  0.000000	  1.000000	  0.000000	  0.000000	
  0.000000	  1.000000	  0.000000	  0.000000	
  0.000000	  0.000000	  0.300000	  0.700000	
  0.000000	  0.900000	  0.100000	  0.000000	
  0.000000	  1.000000	  0.000000	  0.000000	
  0.000000	  1.000000	  0.000000	  0.000000	
  0.100000	  0.600000	  0.200000	  0.100000	

MOTIF STAT1_M01212

letter-probability matrix: alength= 4 w= 13 nsites= 100 E= 0
  0.375000	  0.125000	  0.375000	  0.125000	
  0.000000	  0.000000	  0.000000	  1.000000	
  0.000000	  0.000000	  0.000000	  1.000000	
  0.000000	  0.000000	  0.000000	  1.000000	
  0.125000	  0.875000	  0.000000	  0.000000	
  0.250000	  0.625000	  0.000000	  0.125000	
  0.375000	  0.625000	  0.000000	  0.000000	
  0.250000	  0.125000	  0.625000	  0.000000	
  0.000000	  0.000000	  0.875000	  0.125000	
  0.875000	  0.125000	  0.000000	  0.000000	
  1.000000	  0.000000	  0.000000	  0.000000	
  0.625000	  0.125000	  0.250000	  0.000000	
  0.625000	  0.125000	  0.125000	  0.125000	

MOTIF STAT3_M01220

letter-probability matrix: alength= 4 w= 14 nsites= 100 E= 0
  0.000000	  0.000000	  0.200000	  0.800000	
  0.000000	  0.000000	  0.000000	  1.000000	
  0.000000	  0.000000	  0.600000	  0.400000	
  0.400000	  0.600000	  0.000000	  0.000000	
  0.000000	  0.600000	  0.200000	  0.200000	
  0.000000	  0.000000	  1.000000	  0.000000	
  0.000000	  0.000000	  1.000000	  0.000000	
  0.000000	  0.000000	  1.000000	  0.000000	
  1.000000	  0.000000	  0.000000	  0.000000	
  1.000000	  0.000000	  0.000000	  0.000000	
  0.600000	  0.400000	  0.000000	  0.000000	
  0.200000	  0.200000	  0.000000	  0.600000	
  0.200000	  0.400000	  0.400000	  0.000000	
  0.000000	  0.600000	  0.200000	  0.200000	

MOTIF E2F1_M01250

letter-probability matrix: alength= 4 w= 8 nsites= 100 E= 0
  0.132200	  0.666700	  0.093700	  0.107400	
  0.129500	  0.140500	  0.608800	  0.121200	
  0.000000	  0.074400	  0.000000	  0.925600	
  0.000000	  0.063400	  0.000000	  0.936600	
  0.000000	  0.000000	  0.000000	  1.000000	
  0.000000	  0.942100	  0.000000	  0.057900	
  0.198300	  0.366400	  0.085400	  0.349900	
  0.206600	  0.281000	  0.236900	  0.275500	

MOTIF E2F1_M01251

letter-probability matrix: alength= 4 w= 8 nsites= 100 E= 0
  0.173900	  0.536200	  0.246400	  0.043500	
  0.304300	  0.014500	  0.681200	  0.000000	
  1.000000	  0.000000	  0.000000	  0.000000	
  1.000000	  0.000000	  0.000000	  0.000000	
  1.000000	  0.000000	  0.000000	  0.000000	
  0.260900	  0.507200	  0.043500	  0.188400	
  0.000000	  0.231900	  0.594200	  0.173900	
  0.029000	  0.014500	  0.000000	  0.956500	

MOTIF STAT1_M01260

letter-probability matrix: alength= 4 w= 22 nsites= 100 E= 0
  0.232000	  0.184000	  0.444000	  0.140000	
  0.312000	  0.170000	  0.284000	  0.234000	
  0.164000	  0.220000	  0.094000	  0.522000	
  0.014000	  0.022000	  0.034000	  0.930000	
  0.034000	  0.020000	  0.070000	  0.876000	
  0.162000	  0.784000	  0.018000	  0.036000	
  0.068000	  0.508000	  0.020000	  0.404000	
  0.310000	  0.010000	  0.440000	  0.240000	
  0.128000	  0.012000	  0.842000	  0.018000	
  0.018000	  0.008000	  0.918000	  0.056000	
  0.978000	  0.010000	  0.012000	  0.000000	
  0.986000	  0.006000	  0.004000	  0.004000	
  0.550000	  0.072000	  0.294000	  0.084000	
  0.162000	  0.182000	  0.222000	  0.434000	
  0.194000	  0.228000	  0.456000	  0.122000	
  0.346000	  0.176000	  0.360000	  0.118000	
  0.236000	  0.292000	  0.290000	  0.182000	
  0.254000	  0.194000	  0.250000	  0.302000	
  0.246000	  0.094000	  0.326000	  0.334000	
  0.174000	  0.192000	  0.416000	  0.218000	
  0.306000	  0.182000	  0.292000	  0.220000	
  0.248000	  0.246000	  0.256000	  0.250000	

MOTIF FRA1_M01267

letter-probability matrix: alength= 4 w= 8 nsites= 100 E= 0
  0.041696	  0.000000	  0.041696	  0.916608	
  0.000000	  0.041700	  0.958300	  0.000000	
  0.750000	  0.041700	  0.000000	  0.208300	
  0.000000	  0.041696	  0.791621	  0.166683	
  0.000000	  0.000000	  0.000000	  1.000000	
  0.125000	  0.875000	  0.000000	  0.000000	
  1.000000	  0.000000	  0.000000	  0.000000	
  0.125000	  0.166700	  0.250000	  0.458300	

MOTIF SOX9_M01284

letter-probability matrix: alength= 4 w= 11 nsites= 100 E= 0
  0.454545	  0.181818	  0.363636	  0.000000	
  0.454545	  0.181818	  0.090909	  0.272727	
  0.636400	  0.000000	  0.090900	  0.272700	
  0.000000	  1.000000	  0.000000	  0.000000	
  1.000000	  0.000000	  0.000000	  0.000000	
  0.727300	  0.000000	  0.272700	  0.000000	
  0.727300	  0.000000	  0.090900	  0.181800	
  0.000000	  0.000000	  0.909100	  0.090900	
  0.181800	  0.181800	  0.636400	  0.000000	
  0.363636	  0.272727	  0.363636	  0.000000	
  0.272727	  0.363636	  0.181818	  0.181818	

MOTIF ATF5_M01295

letter-probability matrix: alength= 4 w= 11 nsites= 100 E= 0
  0.172400	  0.586200	  0.034500	  0.206900	
  0.034500	  0.448300	  0.103400	  0.413800	
  0.000000	  0.000000	  0.000000	  1.000000	
  0.000000	  1.000000	  0.000000	  0.000000	
  0.068993	  0.034497	  0.034497	  0.862014	
  0.069000	  0.413800	  0.000000	  0.517200	
  0.000000	  0.965500	  0.000000	  0.034500	
  0.069000	  0.931000	  0.000000	  0.000000	
  0.000000	  0.000000	  0.000000	  1.000000	
  0.034500	  0.034500	  0.000000	  0.931000	
  0.655200	  0.103400	  0.000000	  0.241400	

MOTIF SP1_M01303

letter-probability matrix: alength= 4 w= 11 nsites= 100 E= 0
  0.000000	  0.083300	  0.916700	  0.000000	
  0.000000	  0.000000	  1.000000	  0.000000	
  0.000000	  0.000000	  1.000000	  0.000000	
  0.000000	  0.000000	  1.000000	  0.000000	
  0.166700	  0.500000	  0.000000	  0.333300	
  0.000000	  0.000000	  1.000000	  0.000000	
  0.000000	  0.000000	  1.000000	  0.000000	
  0.000000	  0.083308	  0.833383	  0.083308	
  0.000000	  0.166683	  0.666633	  0.166683	
  0.250000	  0.166700	  0.333300	  0.250000	
  0.083300	  0.416700	  0.500000	  0.000000	

MOTIF HOXC13_M01317

letter-probability matrix: alength= 4 w= 16 nsites= 100 E= 0
  0.326733	  0.217822	  0.128713	  0.326733	
  0.360000	  0.210000	  0.160000	  0.270000	
  0.424242	  0.151515	  0.151515	  0.272727	
  0.110000	  0.230000	  0.370000	  0.290000	
  0.030000	  0.840000	  0.130000	  0.000000	
  0.000000	  0.030300	  0.000000	  0.969700	
  0.020000	  0.890000	  0.000000	  0.090000	
  0.390000	  0.000000	  0.600000	  0.010000	
  0.000000	  0.020000	  0.000000	  0.980000	
  0.900000	  0.000000	  0.000000	  0.100000	
  0.960000	  0.000000	  0.000000	  0.040000	
  0.989900	  0.000000	  0.000000	  0.010100	
  0.650000	  0.080000	  0.050000	  0.220000	
  0.300000	  0.140000	  0.090000	  0.470000	
  0.158416	  0.227723	  0.158416	  0.455446	
  0.330000	  0.090000	  0.240000	  0.340000	

MOTIF HOXC11_M01329

letter-probability matrix: alength= 4 w= 16 nsites= 100 E= 0
  0.230000	  0.250000	  0.140000	  0.380000	
  0.524800	  0.118800	  0.198000	  0.158400	
  0.520000	  0.130000	  0.130000	  0.220000	
  0.380000	  0.140000	  0.270000	  0.210000	
  0.080000	  0.040000	  0.880000	  0.000000	
  0.000000	  0.030000	  0.000000	  0.970000	
  0.010000	  0.980000	  0.000000	  0.010000	
  0.232300	  0.000000	  0.767700	  0.000000	
  0.000000	  0.000000	  0.000000	  1.000000	
  0.860000	  0.000000	  0.000000	  0.140000	
  0.980000	  0.000000	  0.000000	  0.020000	
  0.990000	  0.000000	  0.000000	  0.010000	
  0.540000	  0.130000	  0.110000	  0.220000	
  0.220000	  0.270000	  0.190000	  0.320000	
  0.350000	  0.170000	  0.260000	  0.220000	
  0.200000	  0.120000	  0.350000	  0.330000	

MOTIF PBX1_M01357

letter-probability matrix: alength= 4 w= 17 nsites= 100 E= 0
  0.210000	  0.280000	  0.150000	  0.360000	
  0.060606	  0.494949	  0.151515	  0.292929	
  0.596000	  0.030300	  0.141400	  0.232300	
  0.120000	  0.400000	  0.090000	  0.390000	
  0.370000	  0.390000	  0.110000	  0.130000	
  0.110000	  0.730000	  0.090000	  0.070000	
  0.860000	  0.020000	  0.070000	  0.050000	
  0.030000	  0.010000	  0.010000	  0.950000	
  0.030000	  0.950000	  0.010000	  0.010000	
  0.930000	  0.030000	  0.020000	  0.020000	
  0.740000	  0.060000	  0.030000	  0.170000	
  0.310000	  0.050000	  0.060000	  0.580000	
  0.320000	  0.320000	  0.150000	  0.210000	
  0.390000	  0.140000	  0.090000	  0.380000	
  0.356436	  0.138614	  0.148515	  0.356436	
  0.260000	  0.290000	  0.240000	  0.210000	
  0.370000	  0.350000	  0.210000	  0.070000	

MOTIF OTX1_M01366

letter-probability matrix: alength= 4 w= 17 nsites= 100 E= 0
  0.300000	  0.150000	  0.300000	  0.250000	
  0.190000	  0.100000	  0.490000	  0.220000	
  0.370000	  0.110000	  0.160000	  0.360000	
  0.430000	  0.050000	  0.470000	  0.050000	
  0.178200	  0.198000	  0.604000	  0.019800	
  0.080000	  0.000000	  0.920000	  0.000000	
  0.009900	  0.000000	  0.980200	  0.009900	
  0.959600	  0.040400	  0.000000	  0.000000	
  0.000000	  0.000000	  0.000000	  1.000000	
  0.010100	  0.000000	  0.000000	  0.989900	
  0.940000	  0.000000	  0.000000	  0.060000	
  0.690000	  0.030000	  0.140000	  0.140000	
  0.118800	  0.128700	  0.099000	  0.653500	
  0.290000	  0.130000	  0.090000	  0.490000	
  0.240000	  0.240000	  0.200000	  0.320000	
  0.320000	  0.220000	  0.160000	  0.300000	
  0.190000	  0.260000	  0.240000	  0.310000	

MOTIF DLX3_M01400

letter-probability matrix: alength= 4 w= 17 nsites= 100 E= 0
  0.160000	  0.220000	  0.300000	  0.320000	
  0.316832	  0.425743	  0.118812	  0.138614	
  0.272727	  0.202020	  0.373737	  0.151515	
  0.267327	  0.415842	  0.247525	  0.069307	
  0.287129	  0.118812	  0.297030	  0.297030	
  0.604000	  0.039600	  0.227700	  0.128700	
  0.000000	  0.030300	  0.000000	  0.969700	
  0.989900	  0.000000	  0.000000	  0.010100	
  1.000000	  0.000000	  0.000000	  0.000000	
  0.000000	  0.000000	  0.000000	  1.000000	
  0.010000	  0.000000	  0.010000	  0.980000	
  0.742600	  0.000000	  0.247500	  0.009900	
  0.070700	  0.575800	  0.121200	  0.232300	
  0.350000	  0.490000	  0.050000	  0.110000	
  0.180000	  0.300000	  0.370000	  0.150000	
  0.370000	  0.200000	  0.130000	  0.300000	
  0.282828	  0.383838	  0.131313	  0.202020	

MOTIF IRX2_M01405

letter-probability matrix: alength= 4 w= 17 nsites= 100 E= 0
  0.393939	  0.080808	  0.101010	  0.424242	
  0.465347	  0.128713	  0.128713	  0.277228	
  0.316832	  0.128713	  0.257426	  0.297030	
  0.410000	  0.140000	  0.250000	  0.200000	
  0.220000	  0.010000	  0.030000	  0.740000	
  0.950000	  0.010000	  0.010000	  0.030000	
  0.000000	  0.979800	  0.010100	  0.010100	
  0.960000	  0.000000	  0.010000	  0.030000	
  0.030000	  0.010000	  0.000000	  0.960000	
  0.010100	  0.010100	  0.979800	  0.000000	
  0.030000	  0.010000	  0.010000	  0.950000	
  0.740000	  0.030000	  0.010000	  0.220000	
  0.404040	  0.171717	  0.212121	  0.212121	
  0.300000	  0.190000	  0.290000	  0.220000	
  0.400000	  0.110000	  0.120000	  0.370000	
  0.178218	  0.198020	  0.267327	  0.356436	
  0.340000	  0.110000	  0.080000	  0.470000	

MOTIF IRX4_M01410

letter-probability matrix: alength= 4 w= 17 nsites= 100 E= 0
  0.450000	  0.080000	  0.140000	  0.330000	
  0.350000	  0.180000	  0.230000	  0.240000	
  0.300000	  0.200000	  0.190000	  0.310000	
  0.270000	  0.230000	  0.260000	  0.240000	
  0.326700	  0.009900	  0.039600	  0.623800	
  0.910000	  0.010000	  0.020000	  0.060000	
  0.009900	  0.930700	  0.009900	  0.049500	
  0.900000	  0.000000	  0.020000	  0.080000	
  0.080000	  0.020000	  0.000000	  0.900000	
  0.049500	  0.009900	  0.930700	  0.009900	
  0.060000	  0.020000	  0.010000	  0.910000	
  0.623800	  0.039600	  0.009900	  0.326700	
  0.565700	  0.191900	  0.101000	  0.141400	
  0.460000	  0.080000	  0.160000	  0.300000	
  0.510000	  0.110000	  0.130000	  0.250000	
  0.200000	  0.320000	  0.240000	  0.240000	
  0.386139	  0.138614	  0.148515	  0.326733	

MOTIF HOMEZ_M01429

letter-probability matrix: alength= 4 w= 17 nsites= 100 E= 0
  0.590000	  0.060000	  0.170000	  0.180000	
  0.343434	  0.171717	  0.141414	  0.343434	
  0.500000	  0.110000	  0.090000	  0.300000	
  0.460000	  0.130000	  0.030000	  0.380000	
  0.340000	  0.420000	  0.170000	  0.070000	
  0.878800	  0.030300	  0.000000	  0.090900	
  0.010000	  0.010000	  0.010000	  0.970000	
  0.040000	  0.950000	  0.000000	  0.010000	
  0.010000	  0.010000	  0.970000	  0.010000	
  0.210000	  0.010000	  0.020000	  0.760000	
  0.040000	  0.020000	  0.030000	  0.910000	
  0.160000	  0.030000	  0.020000	  0.790000	
  0.138600	  0.138600	  0.118800	  0.604000	
  0.130000	  0.230000	  0.180000	  0.460000	
  0.525300	  0.191900	  0.050500	  0.232300	
  0.373737	  0.050505	  0.292929	  0.282828	
  0.267327	  0.168317	  0.306931	  0.257426	

MOTIF BARX2_M01431

letter-probability matrix: alength= 4 w= 16 nsites= 100 E= 0
  0.190000	  0.150000	  0.150000	  0.510000	
  0.510000	  0.170000	  0.120000	  0.200000	
  0.636400	  0.111100	  0.232300	  0.020200	
  0.108911	  0.198020	  0.386139	  0.306931	
  0.010000	  0.270000	  0.000000	  0.720000	
  0.960000	  0.030000	  0.000000	  0.010000	
  0.980000	  0.010000	  0.000000	  0.010000	
  0.010000	  0.000000	  0.010000	  0.980000	
  0.010000	  0.000000	  0.030000	  0.960000	
  0.720000	  0.000000	  0.270000	  0.010000	
  0.270000	  0.230000	  0.350000	  0.150000	
  0.020200	  0.232300	  0.111100	  0.636400	
  0.100000	  0.100000	  0.380000	  0.420000	
  0.340000	  0.100000	  0.320000	  0.240000	
  0.178200	  0.198000	  0.108900	  0.514900	
  0.383838	  0.111111	  0.333333	  0.171717	

MOTIF POU2F3_M01476

letter-probability matrix: alength= 4 w= 16 nsites= 100 E= 0
  0.160000	  0.200000	  0.200000	  0.440000	
  0.240000	  0.220000	  0.150000	  0.390000	
  0.190000	  0.130000	  0.400000	  0.280000	
  0.090000	  0.120000	  0.040000	  0.750000	
  0.990000	  0.000000	  0.000000	  0.010000	
  0.000000	  0.010100	  0.000000	  0.989900	
  0.000000	  0.000000	  0.940000	  0.060000	
  0.000000	  0.919200	  0.000000	  0.080800	
  0.740000	  0.000000	  0.000000	  0.260000	
  0.910000	  0.000000	  0.010000	  0.080000	
  0.990000	  0.000000	  0.000000	  0.010000	
  0.020000	  0.000000	  0.020000	  0.960000	
  0.150000	  0.160000	  0.290000	  0.400000	
  0.460000	  0.240000	  0.110000	  0.190000	
  0.292929	  0.161616	  0.353535	  0.191919	
  0.414141	  0.242424	  0.181818	  0.161616	

MOTIF HOXA1_M01487

letter-probability matrix: alength= 4 w= 16 nsites= 100 E= 0
  0.188119	  0.415842	  0.188119	  0.207921	
  0.140000	  0.150000	  0.060000	  0.650000	
  0.267327	  0.128713	  0.465347	  0.138614	
  0.620000	  0.100000	  0.150000	  0.130000	
  0.267300	  0.079200	  0.604000	  0.049500	
  0.080000	  0.530000	  0.220000	  0.170000	
  0.009900	  0.029700	  0.000000	  0.960400	
  0.960000	  0.030000	  0.010000	  0.000000	
  1.000000	  0.000000	  0.000000	  0.000000	
  0.010000	  0.000000	  0.000000	  0.990000	
  0.000000	  0.000000	  0.010000	  0.990000	
  0.960000	  0.000000	  0.040000	  0.000000	
  0.280000	  0.480000	  0.170000	  0.070000	
  0.140000	  0.450000	  0.140000	  0.270000	
  0.110000	  0.170000	  0.410000	  0.310000	
  0.060000	  0.300000	  0.180000	  0.460000	

MOTIF GKLF_M01588

letter-probability matrix: alength= 4 w= 12 nsites= 100 E= 0
  0.262000	  0.068000	  0.624000	  0.046000	
  0.068000	  0.882000	  0.034000	  0.016000	
  0.022000	  0.904000	  0.026000	  0.048000	
  0.516000	  0.468000	  0.010000	  0.006000	
  0.002000	  0.992000	  0.004000	  0.002000	
  0.474000	  0.004000	  0.476000	  0.046000	
  0.002000	  0.992000	  0.000000	  0.006000	
  0.004000	  0.992000	  0.004000	  0.000000	
  0.002000	  0.980000	  0.002000	  0.016000	
  0.398000	  0.240000	  0.012000	  0.350000	
  0.162000	  0.264000	  0.312000	  0.262000	
  0.166000	  0.450000	  0.234000	  0.150000	

MOTIF LBP9_M01592

letter-probability matrix: alength= 4 w= 17 nsites= 100 E= 0
  0.000000	  0.940000	  0.060000	  0.000000	
  0.128000	  0.654000	  0.002000	  0.216000	
  0.474000	  0.006000	  0.446000	  0.074000	
  0.008000	  0.036000	  0.956000	  0.000000	
  0.240000	  0.344000	  0.066000	  0.350000	
  0.154000	  0.340000	  0.108000	  0.398000	
  0.230000	  0.276000	  0.194000	  0.300000	
  0.360000	  0.184000	  0.380000	  0.076000	
  0.748000	  0.036000	  0.188000	  0.028000	
  0.560000	  0.004000	  0.292000	  0.144000	
  0.002000	  0.972000	  0.026000	  0.000000	
  0.092000	  0.712000	  0.000000	  0.196000	
  0.432000	  0.008000	  0.530000	  0.030000	
  0.000000	  0.008000	  0.992000	  0.000000	
  0.236000	  0.290000	  0.006000	  0.468000	
  0.098000	  0.338000	  0.054000	  0.510000	
  0.132000	  0.332000	  0.142000	  0.394000	

MOTIF STAT3_M01595

letter-probability matrix: alength= 4 w= 16 nsites= 100 E= 0
  0.272000	  0.204000	  0.354000	  0.170000	
  0.136000	  0.434000	  0.172000	  0.258000	
  0.094000	  0.034000	  0.048000	  0.824000	
  0.034000	  0.016000	  0.306000	  0.644000	
  0.112000	  0.810000	  0.038000	  0.040000	
  0.012000	  0.684000	  0.012000	  0.292000	
  0.358000	  0.016000	  0.496000	  0.130000	
  0.028000	  0.002000	  0.968000	  0.002000	
  0.020000	  0.006000	  0.936000	  0.038000	
  0.958000	  0.034000	  0.002000	  0.006000	
  0.980000	  0.002000	  0.008000	  0.010000	
  0.316000	  0.200000	  0.356000	  0.128000	
  0.236000	  0.230000	  0.268000	  0.266000	
  0.164000	  0.326000	  0.424000	  0.086000	
  0.334000	  0.178000	  0.364000	  0.124000	
  0.282000	  0.224000	  0.380000	  0.114000	

MOTIF AML1_M01658

letter-probability matrix: alength= 4 w= 7 nsites= 100 E= 0
  0.045495	  0.000000	  0.045495	  0.909009	
  0.000000	  0.000000	  1.000000	  0.000000	
  0.000000	  0.090900	  0.000000	  0.909100	
  0.000000	  0.000000	  1.000000	  0.000000	
  0.000000	  0.000000	  1.000000	  0.000000	
  0.000000	  0.000000	  0.090900	  0.909100	
  0.045495	  0.136386	  0.318168	  0.499950	

MOTIF TCF4_M01705

letter-probability matrix: alength= 4 w= 9 nsites= 100 E= 0
  0.198020	  0.336634	  0.227723	  0.237624	
  0.040000	  0.660000	  0.140000	  0.160000	
  0.060000	  0.100000	  0.000000	  0.840000	
  0.020200	  0.030300	  0.030300	  0.919200	
  0.060000	  0.000000	  0.010000	  0.930000	
  0.050000	  0.160000	  0.680000	  0.110000	
  0.880000	  0.000000	  0.020000	  0.100000	
  0.191900	  0.000000	  0.020200	  0.787900	
  0.099010	  0.366337	  0.475248	  0.059406	

MOTIF XBP1_M01770

letter-probability matrix: alength= 4 w= 11 nsites= 100 E= 0
  0.529700	  0.099200	  0.068200	  0.302900	
  0.395500	  0.143500	  0.267200	  0.193800	
  0.199700	  0.184200	  0.212600	  0.403500	
  0.140900	  0.031200	  0.745600	  0.082300	
  0.447600	  0.545100	  0.002700	  0.004600	
  0.084900	  0.819200	  0.005500	  0.090400	
  0.946105	  0.012699	  0.020598	  0.020598	
  0.006600	  0.991700	  0.001700	  0.000000	
  0.009900	  0.000000	  0.988400	  0.001700	
  0.011301	  0.012901	  0.008101	  0.967697	
  0.062200	  0.907400	  0.025800	  0.004600	

MOTIF STAT1_M01823

letter-probability matrix: alength= 4 w= 10 nsites= 100 E= 0
  0.011201	  0.044904	  0.000000	  0.943894	
  0.033700	  0.022500	  0.056200	  0.887600	
  0.292100	  0.550600	  0.022500	  0.134800	
  0.123600	  0.404500	  0.202200	  0.269700	
  0.325833	  0.089909	  0.483148	  0.101110	
  0.122212	  0.044404	  0.788979	  0.044404	
  0.044404	  0.022202	  0.900090	  0.033303	
  1.000000	  0.000000	  0.000000	  0.000000	
  0.977800	  0.011100	  0.011100	  0.000000	
  0.459800	  0.114900	  0.252900	  0.172400	

MOTIF GKLF_M01835

letter-probability matrix: alength= 4 w= 7 nsites= 100 E= 0
  0.000000	  1.000000	  0.000000	  0.000000	
  0.000000	  0.684200	  0.052600	  0.263200	
  0.052600	  0.105300	  0.210500	  0.631600	
  0.000000	  1.000000	  0.000000	  0.000000	
  0.000000	  0.947400	  0.000000	  0.052600	
  0.052600	  0.473700	  0.000000	  0.473700	
  0.210500	  0.263200	  0.157900	  0.368400	

MOTIF ERR1_M01841

letter-probability matrix: alength= 4 w= 15 nsites= 100 E= 0
  0.333300	  0.500000	  0.166700	  0.000000	
  0.250000	  0.666700	  0.083300	  0.000000	
  0.333333	  0.083308	  0.333333	  0.250025	
  0.000000	  0.000000	  0.000000	  1.000000	
  0.083308	  0.083308	  0.833383	  0.000000	
  0.750075	  0.083308	  0.083308	  0.083308	
  0.000000	  1.000000	  0.000000	  0.000000	
  0.166700	  0.833300	  0.000000	  0.000000	
  0.000000	  0.000000	  0.000000	  1.000000	
  0.166700	  0.083300	  0.166700	  0.583300	
  0.000000	  0.083308	  0.583358	  0.333333	
  0.416700	  0.083300	  0.416700	  0.083300	
  0.583358	  0.000000	  0.333333	  0.083308	
  0.333300	  0.083300	  0.416700	  0.166700	
  0.333300	  0.166700	  0.250000	  0.250000	

MOTIF ATF2_M01862

letter-probability matrix: alength= 4 w= 12 nsites= 100 E= 0
  0.235324	  0.352935	  0.323532	  0.088209	
  0.205900	  0.264700	  0.352900	  0.176500	
  0.294129	  0.352935	  0.264726	  0.088209	
  0.028597	  0.000000	  0.028597	  0.942806	
  0.000000	  0.000000	  0.971400	  0.028600	
  0.971400	  0.000000	  0.000000	  0.028600	
  0.085700	  0.628600	  0.171400	  0.114300	
  0.000000	  0.057100	  0.914300	  0.028600	
  0.114300	  0.057100	  0.000000	  0.828600	
  0.314300	  0.428600	  0.171400	  0.085700	
  0.600000	  0.171400	  0.114300	  0.114300	
  0.205900	  0.147100	  0.294100	  0.352900	

MOTIF ATF3_M01863

letter-probability matrix: alength= 4 w= 11 nsites= 100 E= 0
  0.529400	  0.176500	  0.294100	  0.000000	
  0.176500	  0.117600	  0.176500	  0.529400	
  0.176500	  0.058800	  0.352900	  0.411800	
  0.555600	  0.000000	  0.444400	  0.000000	
  0.277772	  0.666633	  0.000000	  0.055594	
  0.277800	  0.000000	  0.722200	  0.000000	
  0.000000	  0.000000	  0.000000	  1.000000	
  0.000000	  1.000000	  0.000000	  0.000000	
  1.000000	  0.000000	  0.000000	  0.000000	
  0.176482	  0.176482	  0.411759	  0.235276	
  0.176500	  0.411800	  0.294100	  0.117600	

MOTIF ATF4_M01864

letter-probability matrix: alength= 4 w= 9 nsites= 100 E= 0
  0.000000	  0.100000	  0.400000	  0.500000	
  0.800000	  0.000000	  0.200000	  0.000000	
  0.000000	  1.000000	  0.000000	  0.000000	
  0.300000	  0.000000	  0.600000	  0.100000	
  0.000000	  0.000000	  0.100000	  0.900000	
  0.000000	  1.000000	  0.000000	  0.000000	
  1.000000	  0.000000	  0.000000	  0.000000	
  0.100000	  0.100000	  0.400000	  0.400000	
  0.100000	  0.400000	  0.400000	  0.100000	

MOTIF CEBPG_M01869

letter-probability matrix: alength= 4 w= 12 nsites= 100 E= 0
  0.176500	  0.294100	  0.411800	  0.117600	
  0.470600	  0.000000	  0.411800	  0.117600	
  0.000000	  0.000000	  0.000000	  1.000000	
  0.000000	  0.176500	  0.294100	  0.529400	
  0.352900	  0.000000	  0.470600	  0.176500	
  0.117612	  0.411841	  0.352935	  0.117612	
  0.352935	  0.117612	  0.529453	  0.000000	
  0.529400	  0.411800	  0.000000	  0.058800	
  0.941200	  0.000000	  0.058800	  0.000000	
  1.000000	  0.000000	  0.000000	  0.000000	
  0.000000	  0.058806	  0.352935	  0.588259	
  0.117612	  0.352935	  0.352935	  0.176518	

MOTIF SMAD4_M01889

letter-probability matrix: alength= 4 w= 7 nsites= 100 E= 0
  0.145200	  0.177400	  0.112900	  0.564500	
  0.016100	  0.048400	  0.919400	  0.016100	
  0.016100	  0.064500	  0.048400	  0.871000	
  0.000000	  1.000000	  0.000000	  0.000000	
  0.000000	  0.000000	  0.000000	  1.000000	
  0.161300	  0.096800	  0.725800	  0.016100	
  0.177400	  0.306500	  0.274200	  0.241900	

MOTIF ATF4_DBD

letter-probability matrix: alength= 4 w= 13 nsites= 20 E= 0
  0.235162	  0.079507	  0.494961	  0.190370	
  0.186123	  0.128855	  0.450441	  0.234581	
  0.658084	  0.208033	  0.130793	  0.003090	
  0.000000	  0.000000	  0.007085	  0.992915	
  0.016964	  0.000000	  0.973214	  0.009821	
  0.972618	  0.000000	  0.000000	  0.027382	
  0.002345	  0.436108	  0.010551	  0.550996	
  0.000902	  0.000000	  0.995491	  0.003607	
  0.039722	  0.832175	  0.015889	  0.112214	
  0.973941	  0.022801	  0.000000	  0.003257	
  0.991071	  0.003348	  0.001116	  0.004464	
  0.000000	  0.255278	  0.059501	  0.685221	
  0.478613	  0.314451	  0.116763	  0.090173	

URL http://floresta.eead.csic.es/footprintdb/index.php?db=HumanTF:1.0&motif=ATF4_DBD

MOTIF ATF7_DBD

letter-probability matrix: alength= 4 w= 14 nsites= 20 E= 0
  0.202897	  0.341749	  0.215261	  0.240093	
  0.265391	  0.126229	  0.377600	  0.230781	
  0.822161	  0.015653	  0.160442	  0.001744	
  0.000567	  0.000206	  0.002218	  0.997008	
  0.001231	  0.000331	  0.915156	  0.083282	
  0.995981	  0.000412	  0.002989	  0.000618	
  0.001028	  0.993779	  0.001697	  0.003496	
  0.004068	  0.000463	  0.995263	  0.000206	
  0.001286	  0.000823	  0.003959	  0.993932	
  0.122081	  0.874615	  0.002308	  0.000995	
  0.996803	  0.000103	  0.002527	  0.000567	
  0.003020	  0.269001	  0.016203	  0.711776	
  0.291169	  0.419887	  0.110145	  0.178799	
  0.293829	  0.254513	  0.304795	  0.146863	

URL http://floresta.eead.csic.es/footprintdb/index.php?db=HumanTF:1.0&motif=ATF7_DBD

MOTIF Atf4_DBD

letter-probability matrix: alength= 4 w= 14 nsites= 20 E= 0
  0.571702	  0.119503	  0.139579	  0.169216	
  0.229635	  0.025983	  0.650983	  0.093399	
  0.065312	  0.233672	  0.554427	  0.146589	
  0.867797	  0.075424	  0.056780	  0.000000	
  0.000000	  0.001881	  0.000000	  0.998119	
  0.000880	  0.000000	  0.996479	  0.002641	
  0.999103	  0.000000	  0.000000	  0.000897	
  0.000000	  0.310369	  0.001420	  0.688210	
  0.000000	  0.003231	  0.996769	  0.000000	
  0.000000	  0.960611	  0.000000	  0.039389	
  1.000000	  0.000000	  0.000000	  0.000000	
  0.998168	  0.001832	  0.000000	  0.000000	
  0.000000	  0.129032	  0.028122	  0.842845	
  0.395250	  0.543681	  0.046650	  0.014419	

URL http://floresta.eead.csic.es/footprintdb/index.php?db=HumanTF:1.0&motif=Atf4_DBD

MOTIF CEBPG_DBD

letter-probability matrix: alength= 4 w= 10 nsites= 20 E= 0
  0.615563	  0.117684	  0.253061	  0.013692	
  0.008617	  0.004662	  0.010030	  0.976692	
  0.002119	  0.000829	  0.041640	  0.955412	
  0.408775	  0.000095	  0.577249	  0.013881	
  0.005343	  0.972205	  0.001406	  0.021045	
  0.061242	  0.008107	  0.913865	  0.016786	
  0.023787	  0.923961	  0.001960	  0.050292	
  0.997068	  0.000000	  0.002163	  0.000769	
  0.996684	  0.000000	  0.001105	  0.002210	
  0.007483	  0.418224	  0.016332	  0.557961	

URL http://floresta.eead.csic.es/footprintdb/index.php?db=HumanTF:1.0&motif=CEBPG_DBD

MOTIF CEBPG_full

letter-probability matrix: alength= 4 w= 10 nsites= 20 E= 0
  0.572216	  0.130829	  0.278571	  0.018383	
  0.003592	  0.002861	  0.000000	  0.993546	
  0.002767	  0.000461	  0.056087	  0.940685	
  0.423384	  0.000298	  0.548101	  0.028218	
  0.012717	  0.934811	  0.008306	  0.044166	
  0.044528	  0.017777	  0.926847	  0.010848	
  0.030008	  0.918759	  0.000000	  0.051233	
  0.989510	  0.009277	  0.000303	  0.000910	
  0.998654	  0.000000	  0.000796	  0.000551	
  0.003239	  0.388989	  0.018052	  0.589721	

URL http://floresta.eead.csic.es/footprintdb/index.php?db=HumanTF:1.0&motif=CEBPG_full

MOTIF Creb5_DBD

letter-probability matrix: alength= 4 w= 12 nsites= 20 E= 0
  0.324602	  0.199838	  0.287875	  0.187686	
  0.876272	  0.053702	  0.060563	  0.009463	
  0.001610	  0.004294	  0.000000	  0.994096	
  0.002801	  0.001293	  0.798104	  0.197802	
  0.997039	  0.000000	  0.000269	  0.002692	
  0.000000	  0.984844	  0.000000	  0.015156	
  0.039170	  0.000000	  0.960830	  0.000000	
  0.004828	  0.001609	  0.000000	  0.993562	
  0.198270	  0.800865	  0.000000	  0.000865	
  0.999460	  0.000000	  0.000000	  0.000540	
  0.006569	  0.488965	  0.020231	  0.484235	
  0.199784	  0.395788	  0.100432	  0.303996	

URL http://floresta.eead.csic.es/footprintdb/index.php?db=HumanTF:1.0&motif=Creb5_DBD

MOTIF DLX3_DBD

letter-probability matrix: alength= 4 w= 8 nsites= 20 E= 0
  0.231767	  0.319312	  0.283939	  0.164982	
  0.070977	  0.512843	  0.020350	  0.395831	
  0.766967	  0.104210	  0.061479	  0.067344	
  0.890876	  0.065207	  0.007543	  0.036375	
  0.022697	  0.008659	  0.007872	  0.960771	
  0.045815	  0.061431	  0.051900	  0.840854	
  0.880486	  0.024288	  0.012144	  0.083083	
  0.276799	  0.291001	  0.185170	  0.247030	

URL http://floresta.eead.csic.es/footprintdb/index.php?db=HumanTF:1.0&motif=DLX3_DBD

MOTIF E2F1_DBD_1

letter-probability matrix: alength= 4 w= 12 nsites= 20 E= 0
  0.407472	  0.126846	  0.106864	  0.358818	
  0.373824	  0.068435	  0.137725	  0.420017	
  0.178959	  0.026030	  0.182213	  0.612798	
  0.026222	  0.067938	  0.903456	  0.002384	
  0.000000	  0.008783	  0.991217	  0.000000	
  0.000000	  1.000000	  0.000000	  0.000000	
  0.002454	  0.000000	  0.997546	  0.000000	
  0.000000	  0.991561	  0.008439	  0.000000	
  0.000000	  0.923181	  0.055256	  0.021563	
  0.677804	  0.170644	  0.011933	  0.139618	
  0.729219	  0.057935	  0.034005	  0.178841	
  0.665423	  0.058458	  0.103234	  0.172886	

URL http://floresta.eead.csic.es/footprintdb/index.php?db=HumanTF:1.0&motif=E2F1_DBD_1

MOTIF E2F1_DBD_2

letter-probability matrix: alength= 4 w= 12 nsites= 20 E= 0
  0.248289	  0.112414	  0.086999	  0.552297	
  0.235122	  0.044878	  0.097561	  0.622439	
  0.204724	  0.035433	  0.142717	  0.617126	
  0.053254	  0.070020	  0.875740	  0.000986	
  0.000000	  0.032587	  0.967413	  0.000000	
  0.000000	  0.996672	  0.000000	  0.003328	
  0.000000	  0.000990	  0.999010	  0.000000	
  0.003295	  0.968699	  0.028007	  0.000000	
  0.000000	  0.857355	  0.068351	  0.074294	
  0.628297	  0.205036	  0.023981	  0.142686	
  0.614458	  0.096386	  0.069880	  0.219277	
  0.558324	  0.066818	  0.126840	  0.248018	

URL http://floresta.eead.csic.es/footprintdb/index.php?db=HumanTF:1.0&motif=E2F1_DBD_2

MOTIF E2F1_DBD_3

letter-probability matrix: alength= 4 w= 14 nsites= 20 E= 0
  0.327628	  0.090465	  0.107579	  0.474328	
  0.277652	  0.083521	  0.126411	  0.512415	
  0.276316	  0.019737	  0.065789	  0.638158	
  0.164818	  0.004754	  0.239303	  0.591125	
  0.042953	  0.120805	  0.829530	  0.006711	
  0.000000	  0.031447	  0.968553	  0.000000	
  0.005510	  0.983471	  0.000000	  0.011019	
  0.000000	  0.000000	  0.995652	  0.004348	
  0.004963	  0.933002	  0.059553	  0.002481	
  0.004357	  0.836601	  0.117647	  0.041394	
  0.691781	  0.198630	  0.020548	  0.089041	
  0.668317	  0.081683	  0.000000	  0.250000	
  0.536993	  0.064439	  0.121718	  0.276850	
  0.462687	  0.057214	  0.099502	  0.380597	

URL http://floresta.eead.csic.es/footprintdb/index.php?db=HumanTF:1.0&motif=E2F1_DBD_3

MOTIF E2F1_DBD_4

letter-probability matrix: alength= 4 w= 14 nsites= 20 E= 0
  0.550000	  0.050000	  0.000000	  0.400000	
  0.789474	  0.000000	  0.000000	  0.210526	
  0.600000	  0.050000	  0.000000	  0.350000	
  0.043478	  0.000000	  0.130435	  0.826087	
  0.000000	  0.000000	  1.000000	  0.000000	
  0.000000	  0.000000	  1.000000	  0.000000	
  0.000000	  1.000000	  0.000000	  0.000000	
  0.000000	  0.000000	  0.962963	  0.037037	
  0.000000	  1.000000	  0.000000	  0.000000	
  0.055556	  0.888889	  0.000000	  0.055556	
  0.600000	  0.280000	  0.000000	  0.120000	
  0.269231	  0.076923	  0.000000	  0.653846	
  0.050000	  0.000000	  0.100000	  0.850000	
  0.052632	  0.052632	  0.052632	  0.842105	

URL http://floresta.eead.csic.es/footprintdb/index.php?db=HumanTF:1.0&motif=E2F1_DBD_4

MOTIF EHF_full

letter-probability matrix: alength= 4 w= 12 nsites= 20 E= 0
  0.425669	  0.161588	  0.132041	  0.280702	
  0.826408	  0.031394	  0.030471	  0.111727	
  0.097049	  0.694665	  0.125426	  0.082860	
  0.073357	  0.751174	  0.170775	  0.004695	
  0.112390	  0.872038	  0.010833	  0.004739	
  0.001369	  0.000684	  0.997947	  0.000000	
  0.000000	  0.000000	  1.000000	  0.000000	
  0.992624	  0.004215	  0.001054	  0.002107	
  0.976166	  0.010363	  0.009326	  0.004145	
  0.125638	  0.018495	  0.847577	  0.008291	
  0.028125	  0.057031	  0.022656	  0.892188	
  0.512672	  0.086169	  0.238957	  0.162201	

URL http://floresta.eead.csic.es/footprintdb/index.php?db=HumanTF:1.0&motif=EHF_full

MOTIF ERF_DBD

letter-probability matrix: alength= 4 w= 10 nsites= 20 E= 0
  0.836735	  0.016327	  0.134694	  0.012245	
  0.027559	  0.807087	  0.031496	  0.133858	
  0.105932	  0.868644	  0.025424	  0.000000	
  0.000000	  0.000000	  1.000000	  0.000000	
  0.000000	  0.014423	  0.985577	  0.000000	
  0.962441	  0.014085	  0.014085	  0.009390	
  0.872340	  0.000000	  0.000000	  0.127660	
  0.269737	  0.055921	  0.674342	  0.000000	
  0.000000	  0.159533	  0.042802	  0.797665	
  0.303922	  0.137255	  0.450980	  0.107843	

URL http://floresta.eead.csic.es/footprintdb/index.php?db=HumanTF:1.0&motif=ERF_DBD

MOTIF ESRRA_DBD_1

letter-probability matrix: alength= 4 w= 11 nsites= 20 E= 0
  0.150747	  0.277971	  0.255485	  0.315797	
  0.082918	  0.242789	  0.101282	  0.573011	
  0.076880	  0.663640	  0.242428	  0.017051	
  0.937522	  0.000885	  0.059792	  0.001801	
  0.994505	  0.002329	  0.003166	  0.000000	
  0.000000	  0.000000	  0.989066	  0.010934	
  0.000000	  0.000000	  1.000000	  0.000000	
  0.036388	  0.001383	  0.034848	  0.927381	
  0.000000	  0.947174	  0.015334	  0.037492	
  0.908307	  0.001636	  0.089983	  0.000075	
  0.288388	  0.244541	  0.066583	  0.400487	

URL http://floresta.eead.csic.es/footprintdb/index.php?db=HumanTF:1.0&motif=ESRRA_DBD_1

MOTIF ESRRA_DBD_2

letter-probability matrix: alength= 4 w= 17 nsites= 20 E= 0
  0.907794	  0.007134	  0.071339	  0.013733	
  0.961878	  0.010413	  0.020649	  0.007060	
  0.017499	  0.028794	  0.930480	  0.023226	
  0.002720	  0.006119	  0.985892	  0.005269	
  0.043220	  0.008924	  0.113036	  0.834821	
  0.005959	  0.893023	  0.017878	  0.083140	
  0.727461	  0.006493	  0.212631	  0.053416	
  0.236569	  0.133082	  0.078417	  0.551932	
  0.201261	  0.218208	  0.112191	  0.468339	
  0.049221	  0.792557	  0.118105	  0.040116	
  0.980102	  0.000880	  0.016024	  0.002993	
  0.993812	  0.001591	  0.004420	  0.000177	
  0.001540	  0.000513	  0.970905	  0.027041	
  0.000174	  0.000522	  0.994080	  0.005224	
  0.053045	  0.002729	  0.099608	  0.844619	
  0.000887	  0.898861	  0.018039	  0.082212	
  0.906168	  0.002937	  0.084367	  0.006527	

URL http://floresta.eead.csic.es/footprintdb/index.php?db=HumanTF:1.0&motif=ESRRA_DBD_2

MOTIF ESRRA_DBD_3

letter-probability matrix: alength= 4 w= 19 nsites= 20 E= 0
  0.098738	  0.585075	  0.272682	  0.043505	
  0.869422	  0.004154	  0.099872	  0.026552	
  0.969256	  0.004392	  0.025803	  0.000549	
  0.012924	  0.003752	  0.925168	  0.058157	
  0.002762	  0.001899	  0.994044	  0.001295	
  0.063640	  0.006135	  0.081200	  0.849025	
  0.001221	  0.873200	  0.051926	  0.073652	
  0.793098	  0.006238	  0.185668	  0.014996	
  0.272044	  0.297378	  0.099378	  0.331200	
  0.284079	  0.255274	  0.144248	  0.316399	
  0.055156	  0.279256	  0.108418	  0.557170	
  0.056707	  0.541114	  0.369696	  0.032483	
  0.898816	  0.002453	  0.065677	  0.033054	
  0.979089	  0.005531	  0.014930	  0.000450	
  0.007205	  0.000906	  0.941456	  0.050434	
  0.002500	  0.003684	  0.991974	  0.001842	
  0.075797	  0.003869	  0.104751	  0.815584	
  0.001180	  0.871207	  0.027101	  0.100513	
  0.789794	  0.003364	  0.198110	  0.008732	

URL http://floresta.eead.csic.es/footprintdb/index.php?db=HumanTF:1.0&motif=ESRRA_DBD_3

MOTIF ESRRA_DBD_4

letter-probability matrix: alength= 4 w= 11 nsites= 20 E= 0
  0.135879	  0.265057	  0.244227	  0.354836	
  0.094772	  0.228911	  0.121613	  0.554703	
  0.101857	  0.607798	  0.256605	  0.033740	
  0.883337	  0.002139	  0.098938	  0.015586	
  0.970945	  0.013490	  0.010137	  0.005428	
  0.010488	  0.007391	  0.945590	  0.036531	
  0.002896	  0.005568	  0.983815	  0.007721	
  0.056689	  0.006062	  0.057180	  0.880069	
  0.002152	  0.882104	  0.046197	  0.069548	
  0.867563	  0.004139	  0.123051	  0.005247	
  0.352346	  0.215020	  0.099523	  0.333110	

URL http://floresta.eead.csic.es/footprintdb/index.php?db=HumanTF:1.0&motif=ESRRA_DBD_4

MOTIF ESRRA_DBD_5

letter-probability matrix: alength= 4 w= 17 nsites= 20 E= 0
  0.681758	  0.007989	  0.271638	  0.038615	
  0.927632	  0.001316	  0.071053	  0.000000	
  0.017719	  0.000000	  0.933555	  0.048726	
  0.002484	  0.000000	  0.996273	  0.001242	
  0.142686	  0.007194	  0.112710	  0.737410	
  0.000000	  0.892617	  0.017258	  0.090125	
  0.775880	  0.022412	  0.192102	  0.009605	
  0.073658	  0.259675	  0.227216	  0.439451	
  0.151771	  0.265599	  0.131535	  0.451096	
  0.050305	  0.714177	  0.186738	  0.048780	
  0.926918	  0.000000	  0.045067	  0.028015	
  0.987586	  0.001379	  0.011034	  0.000000	
  0.006309	  0.000000	  0.903260	  0.090431	
  0.000000	  0.000000	  0.996466	  0.003534	
  0.081212	  0.001212	  0.047273	  0.870303	
  0.004374	  0.890639	  0.027997	  0.076990	
  0.857853	  0.000000	  0.137177	  0.004970	

URL http://floresta.eead.csic.es/footprintdb/index.php?db=HumanTF:1.0&motif=ESRRA_DBD_5

MOTIF ESRRA_DBD_6

letter-probability matrix: alength= 4 w= 19 nsites= 20 E= 0
  0.133483	  0.520810	  0.244469	  0.101237	
  0.783039	  0.002081	  0.165453	  0.049428	
  0.918239	  0.014294	  0.065180	  0.002287	
  0.009544	  0.000000	  0.880260	  0.110195	
  0.005994	  0.000000	  0.992008	  0.001998	
  0.160897	  0.007801	  0.119454	  0.711848	
  0.000805	  0.808930	  0.071601	  0.118665	
  0.821528	  0.002796	  0.164026	  0.011650	
  0.316667	  0.194792	  0.122396	  0.366146	
  0.271578	  0.206707	  0.239142	  0.282573	
  0.070869	  0.224969	  0.130614	  0.573548	
  0.124806	  0.470062	  0.375194	  0.029938	
  0.829280	  0.000000	  0.114640	  0.056079	
